1 0.584032 0.447313 0.292373 0.421111
1 0.289764 0.373343 0.146694 0.427256
1 0.61982 0.0823056 0.222727 0.163876
1 0.309052 0.809221 0.0834446 0.281442
6 0.568524 0.955802 0.0229538 0.0754425
6 0.494386 0.956527 0.0231251 0.0719091
6 0.414061 0.239002 0.0486306 0.0952365
6 0.379096 0.948722 0.0216122 0.077686
6 0.499693 0.129831 0.0222545 0.0605815
6 0.640578 0.96299 0.0202023 0.0678883
6 0.488187 0.875361 0.0279995 0.0657661
6 0.383664 0.771642 0.0159728 0.027179
6 0.515885 0.863883 0.0203731 0.0495081
6 0.601247 0.695709 0.0341379 0.0275696
23 0.422928 0.929239 0.0193731 0.0657484
6 0.37896 0.506042 0.0216682 0.0646783
1 0.584036 0.447282 0.292374 0.421154
1 0.289741 0.373327 0.146645 0.427216
1 0.619843 0.0822838 0.222721 0.16395
1 0.309043 0.809231 0.0834219 0.281268
6 0.568525 0.955903 0.0229271 0.0752396
6 0.494359 0.95657 0.023118 0.0717773
6 0.414045 0.238903 0.0486259 0.095222
6 0.379096 0.948532 0.0215891 0.077061
6 0.499664 0.129926 0.0222723 0.0603846
6 0.640558 0.963024 0.0202056 0.067868
6 0.488176 0.875485 0.0279582 0.0655426
6 0.383651 0.77158 0.0159866 0.0271616
6 0.515891 0.864862 0.0204088 0.0474325
6 0.601288 0.695718 0.0342563 0.0275904
6 0.378974 0.506062 0.0217123 0.0647436
23 0.422917 0.929162 0.0194016 0.0658089
6 0.474104 0.632854 0.0489262 0.072464
28 0.757967 0.415474 0.0408333 0.0713103
6 0.474104 0.632854 0.0489262 0.072464
28 0.757967 0.415474 0.0408333 0.0713103
1 0.584036 0.447282 0.292374 0.421154
1 0.289741 0.373327 0.146645 0.427216
1 0.619843 0.0822838 0.222721 0.16395
1 0.309043 0.809231 0.0834219 0.281268
6 0.568525 0.955903 0.0229271 0.0752396
6 0.494359 0.95657 0.023118 0.0717773
6 0.414045 0.238903 0.0486259 0.095222
6 0.379096 0.948532 0.0215891 0.077061
6 0.499664 0.129926 0.0222723 0.0603846
6 0.640558 0.963024 0.0202056 0.067868
6 0.488176 0.875485 0.0279582 0.0655426
6 0.383651 0.77158 0.0159866 0.0271616
6 0.515891 0.864862 0.0204088 0.0474325
6 0.601288 0.695718 0.0342563 0.0275904
6 0.378974 0.506062 0.0217123 0.0647436
23 0.422917 0.929162 0.0194016 0.0658089
1 0.584036 0.447282 0.292374 0.421154
1 0.289741 0.373327 0.146645 0.427216
1 0.619843 0.0822838 0.222721 0.16395
1 0.309043 0.809231 0.0834219 0.281268
6 0.568525 0.955903 0.0229271 0.0752396
6 0.494359 0.95657 0.023118 0.0717773
6 0.414045 0.238903 0.0486259 0.095222
6 0.379096 0.948532 0.0215891 0.077061
6 0.499664 0.129926 0.0222723 0.0603846
6 0.640558 0.963024 0.0202056 0.067868
6 0.488176 0.875485 0.0279582 0.0655426
6 0.383651 0.77158 0.0159866 0.0271616
6 0.515891 0.864862 0.0204088 0.0474325
6 0.601288 0.695718 0.0342563 0.0275904
6 0.378974 0.506062 0.0217123 0.0647436
23 0.422917 0.929162 0.0194016 0.0658089
